0 0.115741 0.8552083333333333 0.012962962962962963 0.00625
0 0.099074 0.8481770833333333 0.009259259259259259 0.0036458333333333334
0 0.072222 0.8364583333333333 0.016666666666666666 0.00625
0 0.033796 0.8200520833333333 0.008333333333333333 0.0036458333333333334
0 0.700463 0.6596354166666667 0.017592592592592594 0.0109375
0 0.711574 0.6513020833333333 0.006481481481481481 0.0067708333333333336
0 0.755093 0.6213541666666667 0.012037037037037037 0.005208333333333333
0 0.774537 0.6033854166666667 0.006481481481481481 0.005729166666666666
0 0.794444 0.5940104166666667 0.005555555555555556 0.0046875
0 0.728704 0.5533854166666666 0.007407407407407408 0.0036458333333333334
0 0.633796 0.5091145833333334 0.012037037037037037 0.0046875
0 0.603241 0.49765625 0.012037037037037037 0.0046875
0 0.581481 0.4861979166666667 0.024074074074074074 0.011979166666666667
0 0.424537 0.41692708333333334 0.012037037037037037 0.005729166666666666