0 0.145833 0.9052083333333333 0.025 0.010416666666666666
0 0.158333 0.9018229166666667 0.005555555555555556 0.005729166666666666
0 0.173148 0.8942708333333333 0.037037037037037035 0.010416666666666666
0 0.124074 0.8807291666666667 0.012962962962962963 0.005208333333333333
0 0.124074 0.8723958333333334 0.012962962962962963 0.008333333333333333
0 0.156019 0.8513020833333333 0.008333333333333333 0.0036458333333333334
0 0.155093 0.8393229166666667 0.006481481481481481 0.0046875
0 0.126389 0.8244791666666667 0.041666666666666664 0.03333333333333333
0 0.211574 0.8356770833333333 0.13055555555555556 0.1109375
0 0.195370 0.28828125 0.11851851851851852 0.07135416666666666
0 0.343981 0.1125 0.004629629629629629 0.008333333333333333
0 0.299074 0.1078125 0.10925925925925926 0.09583333333333334