0 0.286574 0.7919270833333333 0.010185185185185186 0.0046875
0 0.448148 0.790625 0.007407407407407408 0.005208333333333333
0 0.468519 0.7747395833333334 0.016666666666666666 0.0109375
0 0.246296 0.7708333333333334 0.011111111111111112 0.005208333333333333
0 0.481019 0.7658854166666667 0.006481481481481481 0.0046875
0 0.519907 0.7348958333333333 0.012037037037037037 0.005208333333333333
0 0.171759 0.7361979166666667 0.01574074074074074 0.0078125
0 0.141204 0.7205729166666667 0.012037037037037037 0.0046875
0 0.102315 0.7018229166666666 0.006481481481481481 0.0036458333333333334
0 0.084722 0.696875 0.010185185185185186 0.005208333333333333
0 0.069444 0.6861979166666666 0.009259259259259259 0.005729166666666666
0 0.039352 0.6729166666666667 0.008333333333333333 0.005208333333333333
0 0.634722 0.6541666666666667 0.012037037037037037 0.007291666666666667
0 0.013889 0.6515625 0.024074074074074074 0.027083333333333334
0 0.047685 0.6171875 0.006481481481481481 0.003125
0 0.704630 0.6059895833333333 0.012962962962962963 0.0067708333333333336
0 0.081944 0.59453125 0.010185185185185186 0.005729166666666666
0 0.739352 0.58046875 0.010185185185185186 0.0046875
0 0.775000 0.55625 0.009259259259259259 0.007291666666666667
0 0.161111 0.5447916666666667 0.009259259259259259 0.00625
0 0.257870 0.478125 0.006481481481481481 0.004166666666666667
0 0.281481 0.4627604166666667 0.007407407407407408 0.0046875
0 0.655093 0.4317708333333333 0.010185185185185186 0.004166666666666667
0 0.640741 0.4234375 0.005555555555555556 0.00625
0 0.615741 0.4122395833333333 0.011111111111111112 0.0046875
0 0.567593 0.3890625 0.007407407407407408 0.005208333333333333
0 0.384259 0.39114583333333336 0.016666666666666666 0.0125
0 0.420833 0.3658854166666667 0.010185185185185186 0.0067708333333333336
0 0.438889 0.35260416666666666 0.018518518518518517 0.0125