0 0.427778 0.721875 0.009259259259259259 0.007291666666666667
0 0.442593 0.7125 0.005555555555555556 0.004166666666666667
0 0.487963 0.6828125 0.011111111111111112 0.008333333333333333
0 0.501852 0.6739583333333333 0.007407407407407408 0.00625
0 0.090278 0.5934895833333333 0.025 0.0265625
0 0.132407 0.5565104166666667 0.005555555555555556 0.0046875
0 0.694444 0.5486979166666667 0.005555555555555556 0.0036458333333333334
0 0.147222 0.5489583333333333 0.014814814814814815 0.007291666666666667
0 0.158796 0.5424479166666667 0.008333333333333333 0.0046875
0 0.190741 0.5247395833333334 0.007407407407407408 0.005729166666666666
0 0.751389 0.51328125 0.010185185185185186 0.005729166666666666
0 0.210185 0.5127604166666667 0.007407407407407408 0.0046875
0 0.763889 0.5065104166666666 0.011111111111111112 0.0078125
0 0.757407 0.49192708333333335 0.009259259259259259 0.0046875
0 0.728704 0.4778645833333333 0.009259259259259259 0.0046875
0 0.717130 0.47161458333333334 0.010185185185185186 0.0046875
0 0.707407 0.46588541666666666 0.012962962962962963 0.0067708333333333336
0 0.302778 0.46041666666666664 0.005555555555555556 0.005208333333333333
0 0.684722 0.4546875 0.012037037037037037 0.004166666666666667
0 0.671759 0.44869791666666664 0.008333333333333333 0.0036458333333333334
0 0.315278 0.4479166666666667 0.013888888888888888 0.009375
0 0.607407 0.41692708333333334 0.04259259259259259 0.0234375
0 0.567130 0.3958333333333333 0.030555555555555555 0.014583333333333334
0 0.523611 0.37395833333333334 0.030555555555555555 0.016666666666666666
0 0.490741 0.35546875 0.027777777777777776 0.016145833333333335