0 0.550926 0.69296875 0.014814814814814815 0.0067708333333333336
0 0.606481 0.6565104166666667 0.016666666666666666 0.008854166666666666
0 0.346296 0.6307291666666667 0.011111111111111112 0.004166666666666667
0 0.316204 0.6130208333333333 0.03981481481481482 0.020833333333333332
0 0.260185 0.5739583333333333 0.03888888888888889 0.034375
0 0.824074 0.46432291666666664 0.03518518518518519 0.016145833333333335
0 0.783796 0.4421875 0.012037037037037037 0.00625
0 0.768056 0.43515625 0.008333333333333333 0.0036458333333333334
0 0.725926 0.4114583333333333 0.03148148148148148 0.015625
0 0.684259 0.39114583333333336 0.014814814814814815 0.009375
0 0.631019 0.36171875 0.008333333333333333 0.0046875