0 0.408594 0.8111111111111111 0.0078125 0.007407407407407408
0 0.416667 0.8083333333333333 0.005208333333333333 0.003703703703703704
0 0.437500 0.8004629629629629 0.009375 0.006481481481481481
0 0.456510 0.7902777777777777 0.0046875 0.006481481481481481
0 0.496094 0.7638888888888888 0.0067708333333333336 0.007407407407407408
0 0.464844 0.7541666666666667 0.0078125 0.008333333333333333
0 0.376042 0.7870370370370371 0.052083333333333336 0.09814814814814815
0 0.442448 0.7449074074074075 0.0078125 0.021296296296296296
0 0.352604 0.7333333333333333 0.004166666666666667 0.007407407407407408
0 0.437500 0.7231481481481481 0.007291666666666667 0.016666666666666666
0 0.430990 0.7180555555555556 0.0026041666666666665 0.010185185185185186
0 0.479167 0.7064814814814815 0.005208333333333333 0.005555555555555556
0 0.438802 0.6421296296296296 0.011979166666666667 0.04351851851851852
0 0.493750 0.6828703703703703 0.08020833333333334 0.20833333333333334