0 0.119907 0.6385416666666667 0.006481481481481481 0.005208333333333333
0 0.096296 0.6361979166666667 0.005555555555555556 0.0046875
0 0.178704 0.63125 0.009259259259259259 0.004166666666666667
0 0.132407 0.6299479166666667 0.024074074074074074 0.005729166666666666
0 0.154630 0.6270833333333333 0.009259259259259259 0.005208333333333333
0 0.171759 0.62734375 0.008333333333333333 0.0078125
0 0.100463 0.621875 0.006481481481481481 0.00625
0 0.113889 0.61953125 0.011111111111111112 0.0067708333333333336
0 0.133796 0.6174479166666667 0.012037037037037037 0.0036458333333333334
0 0.149074 0.6158854166666666 0.011111111111111112 0.0036458333333333334
0 0.087963 0.6044270833333333 0.005555555555555556 0.0046875
0 0.105556 0.6057291666666667 0.014814814814814815 0.0125
0 0.187037 0.6361979166666667 0.17777777777777778 0.09947916666666666
0 0.289352 0.20963541666666666 0.01574074074074074 0.0140625
0 0.430556 0.13828125 0.10740740740740741 0.0734375
0 0.443981 0.0125 0.012037037037037037 0.003125
0 0.496296 0.0203125 0.05 0.029166666666666667