0 0.164352 0.6588541666666666 0.01574074074074074 0.011458333333333333
0 0.206019 0.64375 0.01574074074074074 0.00625
0 0.139815 0.6411458333333333 0.007407407407407408 0.004166666666666667
0 0.185185 0.64140625 0.014814814814814815 0.005729166666666666
0 0.191667 0.6354166666666666 0.011111111111111112 0.004166666666666667
0 0.199537 0.6294270833333333 0.004629629629629629 0.0046875
0 0.167130 0.6239583333333333 0.008333333333333333 0.003125
0 0.138889 0.62109375 0.022222222222222223 0.0078125
0 0.219444 0.65234375 0.1814814814814815 0.10052083333333334
0 0.324074 0.22864583333333333 0.016666666666666666 0.013541666666666667
0 0.463426 0.159375 0.10648148148148148 0.071875
0 0.480556 0.036458333333333336 0.022222222222222223 0.00625
0 0.536111 0.044270833333333336 0.05925925925925926 0.027083333333333334