0 0.480556 0.7119791666666667 0.1814814814814815 0.10208333333333333
0 0.567130 0.29140625 0.008333333333333333 0.0046875
0 0.575463 0.2875 0.006481481481481481 0.005208333333333333
0 0.754630 0.22161458333333334 0.012962962962962963 0.008854166666666666
0 0.689815 0.21588541666666666 0.04259259259259259 0.030729166666666665
0 0.737963 0.21875 0.06111111111111111 0.06875
0 0.736574 0.09973958333333334 0.03611111111111111 0.015104166666666667
0 0.794444 0.10364583333333334 0.06296296296296296 0.035416666666666666
0 0.808796 0.08541666666666667 0.008333333333333333 0.005208333333333333
0 0.674537 0.084375 0.010185185185185186 0.00625
0 0.651852 0.08385416666666666 0.03148148148148148 0.010416666666666666
0 0.821759 0.0796875 0.01574074074074074 0.008333333333333333
0 0.830556 0.07213541666666666 0.005555555555555556 0.005729166666666666
0 0.659722 0.06848958333333334 0.032407407407407406 0.018229166666666668
0 0.669444 0.05260416666666667 0.011111111111111112 0.0125
0 0.646296 0.05130208333333333 0.025925925925925925 0.0109375
0 0.676389 0.0375 0.049074074074074076 0.020833333333333332
0 0.800926 0.028125 0.12777777777777777 0.05625