0 0.537500 0.7184895833333333 0.1787037037037037 0.10260416666666666
0 0.611111 0.30416666666666664 0.016666666666666666 0.007291666666666667
0 0.727778 0.23072916666666668 0.044444444444444446 0.030208333333333334
0 0.774537 0.23125 0.05277777777777778 0.06145833333333333
0 0.810185 0.19739583333333333 0.009259259259259259 0.00625
0 0.772685 0.11432291666666666 0.03611111111111111 0.015104166666666667
0 0.830093 0.11640625 0.06388888888888888 0.04114583333333333
0 0.700000 0.09739583333333333 0.05 0.028125
0 0.698148 0.08411458333333334 0.020370370370370372 0.0109375
0 0.582870 0.06197916666666667 0.019444444444444445 0.007291666666666667
0 0.694444 0.06067708333333333 0.011111111111111112 0.013020833333333334
0 0.886574 0.054947916666666666 0.012037037037037037 0.016145833333333335
0 0.896759 0.030989583333333334 0.006481481481481481 0.005729166666666666
0 0.903704 0.017708333333333333 0.012962962962962963 0.0125
0 0.837037 0.03515625 0.12407407407407407 0.0703125