0 0.743056 0.70625 0.006481481481481481 0.004166666666666667
0 0.756944 0.7432291666666667 0.1712962962962963 0.10729166666666666
0 0.955093 0.25755208333333335 0.010185185185185186 0.0046875
0 0.921759 0.25442708333333336 0.11574074074074074 0.06510416666666667
0 0.987037 0.13619791666666667 0.025925925925925925 0.044270833333333336
0 0.854630 0.09296875 0.005555555555555556 0.0046875
0 0.769907 0.07161458333333333 0.028703703703703703 0.013020833333333334
0 0.816204 0.06354166666666666 0.008333333333333333 0.003125
0 0.797685 0.06197916666666667 0.010185185185185186 0.0020833333333333333
0 0.907407 0.09791666666666667 0.12777777777777777 0.09270833333333334
0 0.911111 0.054427083333333334 0.025925925925925925 0.009895833333333333
0 0.983796 0.0359375 0.032407407407407406 0.053125