0 0.603704 0.5533854166666666 0.007407407407407408 0.0046875
0 0.568519 0.5552083333333333 0.05 0.036458333333333336
0 0.594907 0.5369791666666667 0.006481481481481481 0.003125
0 0.545370 0.5390625 0.007407407407407408 0.008333333333333333
0 0.558796 0.5361979166666667 0.008333333333333333 0.0067708333333333336
0 0.615278 0.5286458333333334 0.006481481481481481 0.004166666666666667
0 0.556944 0.5263020833333333 0.017592592592592594 0.018229166666666668
0 0.578241 0.5177083333333333 0.013888888888888888 0.007291666666666667
0 0.548611 0.5130208333333334 0.025 0.00625
0 0.658333 0.5041666666666667 0.1037037037037037 0.10208333333333333
0 0.677315 0.028125 0.012037037037037037 0.016666666666666666
0 0.659259 0.0109375 0.046296296296296294 0.021875