0 0.536458 0.5703703703703704 0.005208333333333333 0.018518518518518517
0 0.474740 0.5712962962962963 0.018229166666666668 0.027777777777777776
0 0.507812 0.5916666666666667 0.057291666666666664 0.08333333333333333
0 0.491667 0.5518518518518518 0.005208333333333333 0.005555555555555556
0 0.476562 0.5504629629629629 0.005208333333333333 0.006481481481481481
0 0.467187 0.5546296296296296 0.011458333333333333 0.020370370370370372
0 0.449479 0.549074074074074 0.008333333333333333 0.020370370370370372
0 0.491146 0.5435185185185185 0.00625 0.011111111111111112
0 0.510677 0.538425925925926 0.0046875 0.01574074074074074
0 0.495573 0.5263888888888889 0.0171875 0.028703703703703703
0 0.449740 0.5143518518518518 0.0140625 0.032407407407407406
0 0.495833 0.49537037037037035 0.005208333333333333 0.009259259259259259
0 0.503646 0.4546296296296296 0.00625 0.020370370370370372
0 0.530990 0.4689814814814815 0.044270833333333336 0.05092592592592592
0 0.465365 0.41388888888888886 0.0109375 0.024074074074074074
0 0.520573 0.38101851851851853 0.09739583333333333 0.10277777777777777