0 0.443981 0.7268229166666667 0.021296296296296296 0.009895833333333333
0 0.470370 0.7197916666666667 0.012962962962962963 0.00625
0 0.480556 0.7177083333333333 0.007407407407407408 0.004166666666666667
0 0.471296 0.7104166666666667 0.011111111111111112 0.010416666666666666
0 0.441667 0.7049479166666667 0.009259259259259259 0.0046875
0 0.481019 0.7015625 0.010185185185185186 0.007291666666666667
0 0.479167 0.6955729166666667 0.006481481481481481 0.0036458333333333334
0 0.529167 0.6651041666666667 0.08425925925925926 0.09791666666666667
0 0.509259 0.17239583333333333 0.10185185185185185 0.06458333333333334
0 0.558796 0.13854166666666667 0.010185185185185186 0.003125
0 0.567593 0.025520833333333333 0.12037037037037036 0.051041666666666666