0 0.500000 0.4976851851851852 0.003125 0.006481481481481481
0 0.430729 0.47453703703703703 0.009375 0.010185185185185186
0 0.443229 0.46296296296296297 0.003125 0.007407407407407408
0 0.430729 0.46296296296296297 0.007291666666666667 0.012962962962962963
0 0.470052 0.45555555555555555 0.04010416666666667 0.053703703703703705
0 0.393750 0.3972222222222222 0.004166666666666667 0.005555555555555556
0 0.412760 0.36666666666666664 0.0067708333333333336 0.009259259259259259
0 0.380729 0.3592592592592593 0.03229166666666667 0.040740740740740744
0 0.403906 0.34953703703703703 0.0203125 0.023148148148148147
0 0.390885 0.33935185185185185 0.0046875 0.013888888888888888
0 0.412240 0.27361111111111114 0.016145833333333335 0.023148148148148147