0 0.333333 0.7739583333333333 0.011111111111111112 0.009375
0 0.345370 0.7447916666666666 0.005555555555555556 0.005208333333333333
0 0.371759 0.7380208333333333 0.01574074074074074 0.00625
0 0.330093 0.7377604166666667 0.01574074074074074 0.0067708333333333336
0 0.383333 0.7322916666666667 0.007407407407407408 0.005208333333333333
0 0.368981 0.7260416666666667 0.004629629629629629 0.005208333333333333
0 0.314815 0.7140625 0.012962962962962963 0.009375
0 0.402778 0.7377604166666667 0.15185185185185185 0.12864583333333332
0 0.346296 0.19947916666666668 0.12037037037037036 0.103125
0 0.371296 0.06953125 0.014814814814814815 0.008854166666666666
0 0.400000 0.07421875 0.022222222222222223 0.0203125
0 0.422222 0.008854166666666666 0.12407407407407407 0.017708333333333333