0 0.389583 0.5416666666666666 0.008333333333333333 0.009259259259259259
0 0.435417 0.5430555555555555 0.013541666666666667 0.030555555555555555
0 0.445312 0.524537037037037 0.003125 0.008333333333333333
0 0.366667 0.524074074074074 0.007291666666666667 0.012962962962962963
0 0.438021 0.4828703703703704 0.007291666666666667 0.010185185185185186
0 0.368229 0.4726851851851852 0.005208333333333333 0.006481481481481481
0 0.403385 0.5032407407407408 0.09947916666666666 0.13055555555555556
0 0.296354 0.44212962962962965 0.004166666666666667 0.012037037037037037
0 0.308333 0.4388888888888889 0.005208333333333333 0.007407407407407408
0 0.337760 0.4101851851851852 0.0515625 0.05185185185185185
0 0.354687 0.3300925925925926 0.01875 0.028703703703703703