0 0.820052 0.5305555555555556 0.005729166666666666 0.007407407407407408
0 0.811458 0.5287037037037037 0.003125 0.007407407407407408
0 0.783594 0.5171296296296296 0.0078125 0.008333333333333333
0 0.774219 0.5166666666666667 0.0046875 0.007407407407407408
0 0.796875 0.5069444444444444 0.00625 0.019444444444444445
0 0.732812 0.48194444444444445 0.003125 0.008333333333333333
0 0.797396 0.47685185185185186 0.008333333333333333 0.007407407407407408
0 0.788542 0.4703703703703704 0.003125 0.011111111111111112
0 0.776823 0.4300925925925926 0.009895833333333333 0.013888888888888888
0 0.822396 0.4236111111111111 0.0020833333333333333 0.013888888888888888
0 0.763802 0.5027777777777778 0.11510416666666666 0.20925925925925926
0 0.817708 0.37546296296296294 0.00625 0.013888888888888888