0 0.388426 0.7434895833333334 0.017592592592592594 0.0109375
0 0.375926 0.7244791666666667 0.007407407407407408 0.00625
0 0.404167 0.7205729166666667 0.013888888888888888 0.0046875
0 0.406481 0.6989583333333333 0.02962962962962963 0.017708333333333333
0 0.380093 0.6877604166666667 0.012037037037037037 0.0026041666666666665
0 0.416204 0.6864583333333333 0.008333333333333333 0.005208333333333333
0 0.359722 0.6677083333333333 0.008333333333333333 0.003125
0 0.466204 0.6765625 0.11388888888888889 0.10833333333333334
0 0.394444 0.18046875 0.005555555555555556 0.0036458333333333334
0 0.357870 0.16119791666666666 0.12129629629629629 0.12135416666666667
0 0.390741 0.027604166666666666 0.05 0.019791666666666666