0 0.346094 0.5259259259259259 0.022395833333333334 0.03518518518518519
0 0.360417 0.5046296296296297 0.004166666666666667 0.007407407407407408
0 0.371094 0.4875 0.0067708333333333336 0.012037037037037037
0 0.245312 0.48148148148148145 0.003125 0.007407407407407408
0 0.327083 0.48842592592592593 0.09270833333333334 0.12129629629629629
0 0.380208 0.4287037037037037 0.00625 0.018518518518518517
0 0.339062 0.41944444444444445 0.004166666666666667 0.007407407407407408
0 0.391406 0.39814814814814814 0.0067708333333333336 0.003703703703703704
0 0.276823 0.3972222222222222 0.0109375 0.011111111111111112
0 0.320052 0.3435185185185185 0.0046875 0.009259259259259259
0 0.285677 0.31157407407407406 0.0109375 0.01574074074074074