0 0.881771 0.4300925925925926 0.00625 0.008333333333333333
0 0.887500 0.4273148148148148 0.00625 0.013888888888888888
0 0.883073 0.40555555555555556 0.0078125 0.012962962962962963
0 0.870052 0.4375 0.12135416666666667 0.11018518518518519
0 0.860156 0.38287037037037036 0.0046875 0.004629629629629629
0 0.882812 0.387037037037037 0.009375 0.016666666666666666
0 0.846094 0.37546296296296294 0.0046875 0.004629629629629629
0 0.898958 0.37546296296296294 0.005208333333333333 0.006481481481481481
0 0.875260 0.37407407407407406 0.0067708333333333336 0.005555555555555556
0 0.870573 0.3449074074074074 0.05364583333333333 0.06388888888888888
0 0.951042 0.3060185185185185 0.005208333333333333 0.008333333333333333