0 0.310185 0.615625 0.005555555555555556 0.004166666666666667
0 0.360648 0.6145833333333334 0.008333333333333333 0.004166666666666667
0 0.335648 0.6098958333333333 0.041666666666666664 0.016666666666666666
0 0.364352 0.6005208333333333 0.010185185185185186 0.005208333333333333
0 0.300463 0.59921875 0.010185185185185186 0.005729166666666666
0 0.281944 0.5979166666666667 0.008333333333333333 0.004166666666666667
0 0.311574 0.5901041666666667 0.026851851851851852 0.007291666666666667
0 0.335185 0.58984375 0.007407407407407408 0.008854166666666666
0 0.365278 0.5877604166666667 0.028703703703703703 0.018229166666666668
0 0.285185 0.5809895833333333 0.005555555555555556 0.005729166666666666
0 0.325000 0.5598958333333334 0.1685185185185185 0.05625