0 0.787500 0.6171296296296296 0.00625 0.004629629629629629
0 0.788542 0.5972222222222222 0.00625 0.014814814814814815
0 0.743229 0.5611111111111111 0.009375 0.012962962962962963
0 0.738542 0.5513888888888889 0.004166666666666667 0.004629629629629629
0 0.747396 0.537962962962963 0.009375 0.009259259259259259
0 0.733073 0.5180555555555556 0.008854166666666666 0.006481481481481481
0 0.844010 0.5078703703703704 0.0046875 0.008333333333333333
0 0.813281 0.475462962962963 0.005729166666666666 0.010185185185185186
0 0.825000 0.4699074074074074 0.008333333333333333 0.010185185185185186
0 0.800000 0.42824074074074076 0.01875 0.028703703703703703
0 0.771615 0.37453703703703706 0.0046875 0.004629629629629629
0 0.755729 0.3537037037037037 0.004166666666666667 0.005555555555555556
0 0.757292 0.4708333333333333 0.17291666666666666 0.2824074074074074