0 0.844271 0.6231481481481481 0.003125 0.007407407407407408
0 0.848177 0.611574074074074 0.008854166666666666 0.010185185185185186
0 0.798177 0.48148148148148145 0.0036458333333333334 0.007407407407407408
0 0.805990 0.4740740740740741 0.0067708333333333336 0.011111111111111112
0 0.748177 0.4736111111111111 0.0078125 0.010185185185185186
0 0.833594 0.4486111111111111 0.0046875 0.006481481481481481
0 0.894271 0.4462962962962963 0.00625 0.005555555555555556
0 0.854688 0.5222222222222223 0.14270833333333333 0.16296296296296298
0 0.861719 0.4300925925925926 0.011979166666666667 0.012037037037037037
0 0.869792 0.4050925925925926 0.005208333333333333 0.008333333333333333
0 0.859896 0.39166666666666666 0.011458333333333333 0.020370370370370372
0 0.804948 0.43842592592592594 0.1078125 0.13055555555555556
0 0.836979 0.35555555555555557 0.017708333333333333 0.025925925925925925
0 0.772396 0.38287037037037036 0.10729166666666666 0.1675925925925926