0 0.913426 0.5966145833333333 0.17314814814814813 0.1703125
0 0.482870 0.5596354166666667 0.2361111111111111 0.16302083333333334
0 0.114815 0.4388020833333333 0.22962962962962963 0.15572916666666667
0 0.800463 0.3255208333333333 0.026851851851851852 0.009375
0 0.736574 0.32838541666666665 0.049074074074074076 0.015104166666666667
0 0.824074 0.30494791666666665 0.053703703703703705 0.024479166666666666
0 0.758333 0.2747395833333333 0.007407407407407408 0.0067708333333333336
0 0.740278 0.2713541666666667 0.017592592592592594 0.011458333333333333
0 0.849074 0.265625 0.040740740740740744 0.014583333333333334
0 0.720833 0.27109375 0.06574074074074074 0.04114583333333333
0 0.774537 0.23385416666666667 0.09907407407407408 0.06458333333333334
0 0.937037 0.22109375 0.1259259259259259 0.10364583333333334
0 0.806944 0.13932291666666666 0.08055555555555556 0.0578125
0 0.783796 0.11197916666666667 0.18055555555555555 0.22395833333333334