0 0.991667 0.86640625 0.012962962962962963 0.0046875
0 0.954167 0.8658854166666666 0.013888888888888888 0.005729166666666666
0 0.468981 0.6416666666666667 0.2212962962962963 0.1375
0 0.996296 0.5395833333333333 0.007407407407407408 0.0125
0 0.995370 0.5299479166666666 0.009259259259259259 0.0036458333333333334
0 0.941204 0.5421875 0.08796296296296297 0.04895833333333333
0 0.965741 0.47682291666666665 0.005555555555555556 0.0046875
0 0.889815 0.4583333333333333 0.005555555555555556 0.009375
0 0.996759 0.45677083333333335 0.006481481481481481 0.009375
0 0.918519 0.4552083333333333 0.05185185185185185 0.03229166666666667
0 0.974074 0.44557291666666665 0.05185185185185185 0.05260416666666667
0 0.401852 0.4205729166666667 0.21851851851851853 0.08802083333333334
0 0.463889 0.20572916666666666 0.2351851851851852 0.171875