0 0.782407 0.6971354166666667 0.18518518518518517 0.1359375
0 0.444444 0.5356770833333333 0.2740740740740741 0.14947916666666666
0 0.906481 0.4361979166666667 0.024074074074074074 0.0296875
0 0.842593 0.4083333333333333 0.014814814814814815 0.015625
0 0.991204 0.41302083333333334 0.017592592592592594 0.03958333333333333
0 0.859259 0.3841145833333333 0.003703703703703704 0.034895833333333334
0 0.872222 0.37578125 0.003703703703703704 0.025520833333333333
0 0.912500 0.3640625 0.05648148148148148 0.053125
0 0.983333 0.3111979166666667 0.03333333333333333 0.0453125
0 0.237963 0.34817708333333336 0.2574074074074074 0.15677083333333333
0 0.950926 0.3078125 0.09814814814814815 0.12604166666666666