0 0.595833 0.4817708333333333 0.030555555555555555 0.027083333333333334
0 0.716667 0.5067708333333333 0.20555555555555555 0.14270833333333333
0 0.279167 0.45026041666666666 0.2324074074074074 0.1484375
0 0.029167 0.3421875 0.058333333333333334 0.09479166666666666
0 0.532407 0.12473958333333333 0.04814814814814815 0.016145833333333335
0 0.996296 0.12161458333333333 0.007407407407407408 0.0171875
0 0.994907 0.1046875 0.010185185185185186 0.009375
0 0.993519 0.09427083333333333 0.012962962962962963 0.009375
0 0.559259 0.07604166666666666 0.044444444444444446 0.03229166666666667
0 0.522685 0.030989583333333334 0.010185185185185186 0.025520833333333333
0 0.972685 0.04453125 0.05462962962962963 0.0890625
0 0.527315 0.00390625 0.008333333333333333 0.0078125