0 0.268056 0.5130208333333334 0.15648148148148147 0.023958333333333335
0 0.194444 0.4908854166666667 0.011111111111111112 0.005729166666666666
0 0.610648 0.46822916666666664 0.023148148148148147 0.023958333333333335
0 0.741667 0.4953125 0.2037037037037037 0.121875
0 0.720833 0.4361979166666667 0.004629629629629629 0.005729166666666666
0 0.297222 0.4466145833333333 0.2111111111111111 0.1265625
0 0.033333 0.36432291666666666 0.06666666666666667 0.09427083333333333
0 0.499537 0.1140625 0.03981481481481482 0.011458333333333333
0 0.984722 0.08619791666666667 0.013888888888888888 0.0067708333333333336
0 0.518519 0.08854166666666667 0.025925925925925925 0.014583333333333334
0 0.958796 0.08671875 0.03611111111111111 0.018229166666666668
0 0.967130 0.07760416666666667 0.008333333333333333 0.005208333333333333
0 0.948611 0.06953125 0.023148148148148147 0.009895833333333333
0 0.983796 0.06588541666666667 0.010185185185185186 0.0036458333333333334
0 0.525926 0.0671875 0.012962962962962963 0.008333333333333333
0 0.947685 0.034375 0.10462962962962963 0.06875