0 0.581944 0.5190104166666667 0.026851851851851852 0.0036458333333333334
0 0.545833 0.5169270833333334 0.017592592592592594 0.0015625
0 0.479630 0.5119791666666667 0.011111111111111112 0.0020833333333333333
0 0.793519 0.46171875 0.018518518518518517 0.015104166666666667
0 0.901389 0.47578125 0.16574074074074074 0.09322916666666667
0 0.545370 0.46432291666666664 0.1388888888888889 0.09010416666666667
0 0.296759 0.4083333333333333 0.13240740740740742 0.10104166666666667
0 0.222685 0.3645833333333333 0.013888888888888888 0.014583333333333334
0 0.656481 0.21145833333333333 0.025925925925925925 0.004166666666666667
0 0.680556 0.19140625 0.03148148148148148 0.0234375
0 0.987500 0.14453125 0.01574074074074074 0.008854166666666666
0 0.979630 0.134375 0.012962962962962963 0.00625
0 0.643519 0.128125 0.005555555555555556 0.016666666666666666
0 0.651389 0.11041666666666666 0.012037037037037037 0.015625
0 0.965741 0.10598958333333333 0.06851851851851852 0.04739583333333333
0 0.916667 0.033854166666666664 0.16666666666666666 0.06770833333333333