0 0.512037 0.5833333333333334 0.06296296296296296 0.008333333333333333
0 0.457870 0.57890625 0.03796296296296296 0.005729166666666666
0 0.441667 0.5716145833333334 0.005555555555555556 0.0078125
0 0.719907 0.5411458333333333 0.017592592592592594 0.01875
0 0.806481 0.55078125 0.14814814814814814 0.09010416666666667
0 0.503704 0.5385416666666667 0.1259259259259259 0.078125
0 0.281019 0.48489583333333336 0.13055555555555556 0.08854166666666667
0 0.613426 0.33046875 0.03611111111111111 0.008854166666666666
0 0.621296 0.3151041666666667 0.022222222222222223 0.011458333333333333
0 0.615741 0.3020833333333333 0.011111111111111112 0.008333333333333333
0 0.898148 0.2825520833333333 0.016666666666666666 0.0078125
0 0.891204 0.27447916666666666 0.013888888888888888 0.004166666666666667
0 0.987037 0.184375 0.025925925925925925 0.017708333333333333
0 0.839815 0.13515625 0.32037037037037036 0.2703125