0 0.406944 0.5776041666666667 0.09537037037037037 0.015625
0 0.620833 0.5466145833333333 0.019444444444444445 0.018229166666666668
0 0.699537 0.5567708333333333 0.13425925925925927 0.078125
0 0.420370 0.5403645833333334 0.12222222222222222 0.06927083333333334
0 0.214352 0.48802083333333335 0.125 0.08020833333333334
0 0.527778 0.36744791666666665 0.018518518518518517 0.019270833333333334
0 0.531944 0.34401041666666665 0.03981481481481482 0.0109375
0 0.794444 0.3234375 0.014814814814814815 0.008333333333333333
0 0.535648 0.3171875 0.013888888888888888 0.00625
0 0.788889 0.31588541666666664 0.011111111111111112 0.0046875
0 0.532870 0.3203125 0.019444444444444445 0.021875
0 0.993056 0.2942708333333333 0.013888888888888888 0.021875
0 0.856481 0.22291666666666668 0.025925925925925925 0.017708333333333333
0 0.806481 0.19244791666666666 0.387037037037037 0.24114583333333334
0 0.478704 0.01953125 0.06111111111111111 0.030729166666666665