0 0.453704 0.5838541666666667 0.037037037037037035 0.009375
0 0.400463 0.5763020833333333 0.032407407407407406 0.0109375
0 0.623611 0.55546875 0.019444444444444445 0.018229166666666668
0 0.691667 0.5630208333333333 0.12037037037037036 0.06666666666666667
0 0.441667 0.5481770833333334 0.10925925925925926 0.05677083333333333
0 0.253704 0.5044270833333333 0.11481481481481481 0.07135416666666666
0 0.543981 0.36875 0.019444444444444445 0.005208333333333333
0 0.772222 0.3653645833333333 0.016666666666666666 0.0078125
0 0.542593 0.35 0.014814814814814815 0.0125
0 0.821296 0.26510416666666664 0.020370370370370372 0.013541666666666667
0 0.803241 0.2513020833333333 0.39351851851851855 0.21927083333333333
0 0.510648 0.10885416666666667 0.01574074074074074 0.020833333333333332
0 0.478704 0.10182291666666667 0.018518518518518517 0.0067708333333333336
0 0.519907 0.0036458333333333334 0.008333333333333333 0.007291666666666667