0 0.748148 0.5640625 0.10740740740740741 0.05625
0 0.516204 0.55234375 0.09351851851851851 0.04635416666666667
0 0.356019 0.5205729166666667 0.07685185185185185 0.05260416666666667
0 0.327315 0.490625 0.017592592592592594 0.008333333333333333
0 0.805556 0.39140625 0.011111111111111112 0.0046875
0 0.736574 0.31588541666666664 0.008333333333333333 0.0026041666666666665
0 0.857870 0.2908854166666667 0.017592592592592594 0.008854166666666666
0 0.824074 0.2916666666666667 0.35185185185185186 0.18333333333333332
0 0.550000 0.17317708333333334 0.024074074074074074 0.019270833333333334
0 0.574074 0.06666666666666667 0.024074074074074074 0.027083333333333334
0 0.667593 0.04505208333333333 0.05555555555555555 0.027604166666666666
0 0.612500 0.03723958333333333 0.06018518518518518 0.016145833333333335
0 0.777778 0.029166666666666667 0.012962962962962963 0.00625
0 0.941667 0.016145833333333335 0.014814814814814815 0.009375
0 0.796296 0.015104166666666667 0.014814814814814815 0.010416666666666666
0 0.874074 0.022395833333333334 0.09814814814814815 0.04479166666666667
0 0.826852 0.0018229166666666667 0.012962962962962963 0.0036458333333333334