0 0.737500 0.5958333333333333 0.08981481481481482 0.042708333333333334
0 0.520833 0.584375 0.08425925925925926 0.03958333333333333
0 0.385648 0.5596354166666667 0.041666666666666664 0.04010416666666667
0 0.781944 0.43723958333333335 0.012037037037037037 0.0036458333333333334
0 0.764815 0.40286458333333336 0.08333333333333333 0.05364583333333333
0 0.823611 0.3421875 0.013888888888888888 0.007291666666666667
0 0.815741 0.34479166666666666 0.3685185185185185 0.15729166666666666
0 0.557870 0.14817708333333332 0.019444444444444445 0.022395833333333334
0 0.641204 0.12942708333333333 0.049074074074074076 0.024479166666666666
0 0.590741 0.12239583333333333 0.053703703703703705 0.013541666666666667
0 0.738889 0.11510416666666666 0.009259259259259259 0.005208333333333333
0 0.890278 0.1046875 0.013888888888888888 0.005208333333333333
0 0.829167 0.10572916666666667 0.08796296296296297 0.042708333333333334
0 0.954167 0.08411458333333334 0.017592592592592594 0.0067708333333333336