0 0.695370 0.6296875 0.08333333333333333 0.03958333333333333
0 0.490278 0.61953125 0.0787037037037037 0.03802083333333333
0 0.358796 0.5986979166666667 0.04722222222222222 0.04114583333333333
0 0.732870 0.48203125 0.010185185185185186 0.005729166666666666
0 0.736574 0.4640625 0.021296296296296296 0.011458333333333333
0 0.712037 0.4471354166666667 0.08333333333333333 0.0515625
0 0.666204 0.4127604166666667 0.013888888888888888 0.0046875
0 0.764352 0.39140625 0.01574074074074074 0.0067708333333333336
0 0.793981 0.39453125 0.41203703703703703 0.14635416666666667
0 0.516204 0.21796875 0.017592592592592594 0.0171875
0 0.598148 0.19973958333333333 0.03518518518518519 0.016145833333333335
0 0.588889 0.19869791666666667 0.03148148148148148 0.016145833333333335
0 0.544907 0.1921875 0.04537037037037037 0.010416666666666666
0 0.829167 0.17109375 0.012037037037037037 0.0067708333333333336
0 0.786574 0.1671875 0.006481481481481481 0.00625
0 0.772685 0.17083333333333334 0.08055555555555556 0.034375
0 0.894907 0.15130208333333334 0.012037037037037037 0.005729166666666666
0 0.837037 0.13958333333333334 0.012962962962962963 0.0020833333333333333