0 0.671759 0.6231770833333333 0.09166666666666666 0.0421875
0 0.471759 0.6161458333333333 0.0787037037037037 0.035416666666666666
0 0.341667 0.5958333333333333 0.05 0.03854166666666667
0 0.712500 0.48072916666666665 0.010185185185185186 0.004166666666666667
0 0.707870 0.47578125 0.008333333333333333 0.0036458333333333334
0 0.641204 0.4122395833333333 0.019444444444444445 0.0046875
0 0.738889 0.39140625 0.014814814814814815 0.0067708333333333336
0 0.784722 0.39921875 0.4305555555555556 0.14947916666666666
0 0.499074 0.22447916666666667 0.018518518518518517 0.016666666666666666
0 0.578704 0.20546875 0.03518518518518519 0.016145833333333335
0 0.570833 0.20494791666666667 0.030555555555555555 0.0171875
0 0.526389 0.20234375 0.04537037037037037 0.018229166666666668
0 0.786574 0.18984375 0.01574074074074074 0.011979166666666667
0 0.768056 0.17395833333333333 0.006481481481481481 0.00625
0 0.746296 0.17708333333333334 0.06851851851851852 0.029166666666666667
0 0.872222 0.15859375 0.011111111111111112 0.0067708333333333336