0 0.584259 0.6049479166666667 0.012962962962962963 0.0078125
0 0.643519 0.6083333333333333 0.09259259259259259 0.04583333333333333
0 0.439815 0.60234375 0.08333333333333333 0.03697916666666667
0 0.302315 0.58125 0.05277777777777778 0.041666666666666664
0 0.271296 0.5541666666666667 0.014814814814814815 0.008333333333333333
0 0.688426 0.4627604166666667 0.010185185185185186 0.0067708333333333336
0 0.684722 0.45651041666666664 0.008333333333333333 0.0036458333333333334
0 0.613426 0.39296875 0.019444444444444445 0.0078125
0 0.712963 0.37005208333333334 0.016666666666666666 0.0067708333333333336
0 0.772222 0.3776041666666667 0.45555555555555555 0.15520833333333334
0 0.470833 0.19635416666666666 0.017592592592592594 0.01875
0 0.558796 0.17604166666666668 0.026851851851851852 0.016666666666666666
0 0.542130 0.17473958333333334 0.030555555555555555 0.0171875
0 0.499074 0.16979166666666667 0.046296296296296294 0.0125
0 0.757407 0.16067708333333333 0.04259259259259259 0.0203125
0 0.753241 0.14505208333333333 0.008333333333333333 0.0067708333333333336
0 0.719907 0.14713541666666666 0.04722222222222222 0.028645833333333332
0 0.861111 0.12916666666666668 0.014814814814814815 0.007291666666666667
0 0.809259 0.11692708333333333 0.014814814814814815 0.0026041666666666665