0 0.591667 0.5947916666666667 0.012962962962962963 0.009375
0 0.432870 0.5934895833333333 0.08981481481481482 0.043229166666666666
0 0.655556 0.59765625 0.10185185185185185 0.0546875
0 0.277778 0.5677083333333334 0.07222222222222222 0.053125
0 0.703704 0.4328125 0.011111111111111112 0.007291666666666667
0 0.699074 0.42682291666666666 0.009259259259259259 0.0026041666666666665
0 0.622685 0.3614583333333333 0.01574074074074074 0.007291666666666667
0 0.733333 0.33489583333333334 0.018518518518518517 0.009375
0 0.773611 0.33541666666666664 0.4527777777777778 0.178125
0 0.461574 0.13489583333333333 0.023148148148148147 0.022916666666666665
0 0.554167 0.11171875 0.03611111111111111 0.019270833333333334
0 0.544444 0.11015625 0.044444444444444446 0.019270833333333334
0 0.492130 0.10364583333333334 0.05277777777777778 0.0125
0 0.665278 0.09036458333333333 0.013888888888888888 0.008854166666666666
0 0.814815 0.07838541666666667 0.016666666666666666 0.0036458333333333334
0 0.770370 0.07239583333333334 0.007407407407407408 0.007291666666666667
0 0.725926 0.06484375 0.005555555555555556 0.0046875
0 0.752778 0.08072916666666667 0.09074074074074075 0.042708333333333334
0 0.886111 0.054427083333333334 0.018518518518518517 0.0078125