0 0.472685 0.6161458333333333 0.041666666666666664 0.003125
0 0.415278 0.6135416666666667 0.030555555555555555 0.0020833333333333333
0 0.643056 0.5734375 0.019444444444444445 0.0125
0 0.454630 0.5768229166666666 0.10555555555555556 0.05677083333333333
0 0.717130 0.5768229166666666 0.125 0.06927083333333334
0 0.260648 0.54375 0.10833333333333334 0.07395833333333333
0 0.757870 0.36822916666666666 0.013888888888888888 0.008333333333333333
0 0.751852 0.36015625 0.011111111111111112 0.0046875
0 0.747685 0.35572916666666665 0.010185185185185186 0.005208333333333333
0 0.668056 0.29348958333333336 0.013888888888888888 0.005729166666666666
0 0.804630 0.25807291666666665 0.022222222222222223 0.0140625
0 0.780556 0.24296875 0.4388888888888889 0.22552083333333334
0 0.408333 0.115625 0.018518518518518517 0.008333333333333333
0 0.441204 0.007552083333333333 0.017592592592592594 0.015104166666666667