0 0.427778 0.5729166666666666 0.025925925925925925 0.003125
0 0.468056 0.57421875 0.1175925925925926 0.0109375
0 0.706019 0.5177083333333333 0.023148148148148147 0.019791666666666666
0 0.472685 0.5283854166666667 0.1287037037037037 0.07447916666666667
0 0.114352 0.48723958333333334 0.008333333333333333 0.0036458333333333334
0 0.805093 0.52265625 0.15462962962962962 0.09010416666666667
0 0.125000 0.48125 0.012962962962962963 0.007291666666666667
0 0.213426 0.48932291666666666 0.1712962962962963 0.0953125
0 0.833796 0.24869791666666666 0.019444444444444445 0.011979166666666667
0 0.825000 0.24088541666666666 0.014814814814814815 0.0078125
0 0.842130 0.1984375 0.008333333333333333 0.004166666666666667
0 0.529167 0.20234375 0.010185185185185186 0.0234375
0 0.922222 0.10755208333333334 0.027777777777777776 0.018229166666666668
0 0.966204 0.002864583333333333 0.025 0.005729166666666666
0 0.781481 0.12005208333333334 0.43703703703703706 0.24010416666666667