0 0.540278 0.540625 0.03425925925925926 0.0020833333333333333
0 0.442593 0.5380208333333333 0.05 0.0020833333333333333
0 0.770370 0.46510416666666665 0.025925925925925925 0.017708333333333333
0 0.490741 0.47942708333333334 0.15185185185185185 0.09427083333333333
0 0.893056 0.47552083333333334 0.18425925925925926 0.1
0 0.855093 0.42630208333333336 0.013888888888888888 0.022395833333333334
0 0.221296 0.44427083333333334 0.12037037037037036 0.09270833333333334
0 0.106019 0.3885416666666667 0.013888888888888888 0.00625
0 0.153241 0.39479166666666665 0.0824074074074074 0.036458333333333336
0 0.943519 0.11666666666666667 0.011111111111111112 0.005208333333333333
0 0.920370 0.11276041666666667 0.012962962962962963 0.0067708333333333336
0 0.957870 0.11302083333333333 0.013888888888888888 0.008333333333333333
0 0.930556 0.10520833333333333 0.009259259259259259 0.00625
0 0.559722 0.09583333333333334 0.004629629629629629 0.009375
0 0.925463 0.08932291666666667 0.11574074074074074 0.0484375
0 0.985185 0.06796875 0.018518518518518517 0.009895833333333333
0 0.989815 0.0609375 0.009259259259259259 0.00625
0 0.890278 0.059895833333333336 0.008333333333333333 0.00625
0 0.975000 0.05963541666666667 0.020370370370370372 0.013020833333333334
0 0.889815 0.054947916666666666 0.022222222222222223 0.013020833333333334
0 0.559259 0.06302083333333333 0.014814814814814815 0.040625
0 0.912500 0.0328125 0.175 0.065625